2 53 34 35 57 45
23 9 38 40 20 47
18 8 15 43 57 48
57 14 24 3 28 19
6 27 11 36 54 19
12 39 2 56 58 10
40 17 46 38 3 6
25 37 20 1 38 49
25 22 16 3 38 37
33 32 31 48 57 11
51 37 53 39 26 6
25 49 52 7 56 37
1 10 17 41 47 16
12 8 18 38 16 20
25 19 27 56 21 3
40 19 29 26 42 7
23 11 6 44 39 43
2 41 38 17 43 26
4 25 47 39 26 55
43 50 21 19 32 24
13 28 1 36 14 34
4 26 53 33 6 58
45 29 53 10 14 52
42 43 27 5 48 49
57 35 39 2 9 25
6 24 37 43 19 34
50 54 34 45 14 49
43 15 38 14 1 19
19 38 17 8 32 13
8 43 6 36 51 33
29 14 1 9 8 48
10 58 22 14 52 33
37 17 30 27 56 1
21 12 41 51 27 18
11 31 36 7 40 24
10 37 21 28 43 5
9 16 2 11 51 3
32 40 6 7 36 8
28 20 12 51 53 44
52 47 7 51 23 28
9 46 14 28 30 49
48 47 37 55 28 19
34 39 40 54 12 30
27 42 47 46 20 57
23 20 15 31 25 7
52 18 1 56 34 19
52 24 19 25 8 46
25 38 34 33 11 9
3 43 49 14 52 20
6 2 15 42 40 33
1 51 45 48 11 19
6 18 43 21 25 37
58 17 38 45 11 47
29 13 24 21 6 26
42 3 51 54 14 15
16 23 57 35 55 3
51 31 42 15 4 29
51 58 38 28 24 7
25 18 23 22 48 14
29 9 14 48 28 53
14 9 3 8 35 19
2 49 4 48 24 8
40 11 49 23 50 19
49 57 19 43 39 29
12 57 16 39 29 51
44 3 5 23 37 43
2 16 46 51 27 14
22 40 54 7 35 41
15 41 12 34 21 18
14 8 48 38 4 54
15 48 1 33 26 55
25 26 53 43 7 27
34 31 9 33 55 12
30 32 45 41 17 43
56 25 58 28 4 47
45 22 21 56 48 44
30 11 12 34 9 7
54 14 52 31 22 28
35 40 30 8 36 55
30 29 6 7 19 18
35 27 48 4 5 13
48 56 29 34 26 33
25 42 43 27 17 51
8 10 22 34 41 9
32 40 24 30 50 10
24 52 55 11 20 36
45 53 39 20 38 8
9 50 20 37 58 43
9 7 42 37 15 8
38 52 40 51 11 46
58 28 18 26 6 36
2 49 34 15 39 35
13 45 27 50 55 51
30 53 1 15 3 7
43 42 36 11 21 37
50 6 10 55 27 20
23 40 47 51 21 13
34 55 9 41 39 35
56 7 6 34 36 15
21 14 7 43 28 42
