49 29 43 46 57 8
6 47 31 39 15 45
19 46 32 3 44 8
15 33 31 9 44 49
29 24 3 6 12 53
18 20 30 4 7 22
4 2 19 3 20 13
42 40 36 8 22 48
50 37 33 20 25 30
40 3 4 11 45 22
18 52 54 31 35 38
24 31 47 36 14 57
43 3 30 39 8 21
29 48 17 22 45 15
40 27 14 15 35 28
40 35 58 46 31 43
18 8 35 25 42 52
37 9 48 52 26 49
2 43 17 15 40 29
29 27 15 53 4 48
40 22 11 35 21 15
2 15 38 35 36 25
36 25 39 47 29 2
42 58 18 49 43 36
57 12 20 45 58 10
25 7 29 26 47 6
7 9 18 57 16 32
22 33 16 11 47 49
21 28 29 37 7 6
15 9 36 58 10 7
48 52 26 29 51 23
36 35 34 39 49 16
49 41 54 19 31 8
31 55 1 43 51 37
11 33 41 40 6 2
50 1 15 29 33 7
27 23 20 26 52 1
17 29 40 28 45 50
18 20 17 57 14 41
21 15 48 51 44 17
